37
26
20
25
25
30
34
28
24
21
26
30
30
36
43
44
41
44
44
38
36
38
34
41
53
42
35
31
20
17
22
30
30
34
33
33
27
26
30
35
32
33
32
28
34
34
31
31
36
39
40
40
37
37
39
33
30
34
37
42
42
38
41
42
43
47
51
53
51
48
41
42
47
44
52
55
60
61
64
58
54
49
52
55
43
37
43
51
46
51
59
58
57
62
66
68
74
72
56
52
64
60
52
56
62
52
50
50
55
59
61
62
56
57
49
51
50
48
57
67
75
77
74
72
69
69
63
63
48
51
50
46
55
68
67
63
65
56
57
67
73
66
65
67
72
79
69
63
69
76
78
76
77
77
80
82
75
66
67
63
66
65
70
72
72
73
70
70
73
73
80
79
79
80
84
79
80
81
85
81
71
70
72
77
85
88
92
90
83
83
78
83
84
78
76
80
84
85
86
82
82
85
82
80
89
82
78
81
82
82
76
76
75
77
79
83
86
80
78
81
84
85
85
72
75
74
72
78
83
79
80
82
76
75
68
67
67
74
70
73
81
82
86
86
86
80
73
70
70
79
78
66
68
69
63
68
68
65
65
65
64
71
67
64
76
74
76
78
68
67
72
71
72
67
59
57
54
57
59
62
64
63
58
66
62
56
57
53
54
59
55
53
53
56
50
54
61
64
68
70
65
52
50
50
43
43
48
49
49
46
44
43
48
51
49
54
55
54
54
56
56
50
44
48
44
55
56
46
43
46
38
41
42
51
50
38
37
36
33
33
33
31
27
30
40
48
35
21
24
27
30
32
34
31
33
33
33
35
29
26
24
31
34
34
41
